372
482
696
1919
1920
1921
1923
1924
1925
1926
1927
1928
1930
1931
1932
1933
1934
1936
1937
1938
1939
1940
1941
1942
1943
1946
1947
1948
1949
1950
1951
1953
1954
1955
1956
1957
1958
1959
1961
1962
1964
1965
1966
1967
1970
1971
1972
1973
1977
1978
1979
1980
1981
1982
1984
1985
1986
1988
1989
1993
1994
1995
1996
2011
2015
2017
2018
2019
2020
2025
2027
2028
2035
2036
2045
2046
2047
2048
2049
2052
2053
2054
2055
2056
2057
2058
2059
2061
2062
2063
2064
2098
2099
2108
2109
2113
2116
2117
2118
2119
2120
2121
2122
2123
2124
2125
2127
2128
2129
2130
2131
2132
2134
2135
2180
2181
2182
2189
2190
2191
2192
2193
2194
2195
2196
2197
2206
2218
2259
2260
2261
2865
2866
2867
