164
372
373
374
375
376
378
379
380
383
384
385
386
387
388
389
390
391
392
394
395
396
397
399
400
401
402
403
404
405
407
408
409
410
411
412
413
414
415
416
417
418
419
420
421
425
426
429
430
431
432
433
434
435
436
437
438
439
441
442
443
444
445
446
448
449
450
452
453
454
458
459
460
461
462
463
464
465
467
468
469
471
472
474
475
477
478
479
480
482
483
492
493
494
495
496
497
498
500
501
503
505
506
507
508
509
510
511
512
513
514
516
517
518
519
521
522
524
526
527
529
530
531
532
533
534
535
536
537
538
539
540
541
543
544
547
548
549
550
551
552
553
554
555
557
558
560
561
562
563
564
565
567
568
569
570
571
572
575
576
577
585
586
587
588
589
592
593
594
598
600
602
603
604
605
606
607
608
609
610
611
612
613
614
615
616
619
620
621
622
623
624
625
626
627
628
629
630
631
632
634
635
636
637
639
640
641
642
643
644
645
646
647
648
649
650
652
653
654
656
666
667
668
669
670
671
672
673
674
675
676
677
680
682
683
684
685
688
696
703
706
708
712
713
714
719
720
731
732
733
734
735
736
737
747
750
753
763
766
770
771
773
774
775
776
777
787
788
793
794
795
798
799
800
801
802
803
831
838
841
844
845
846
852
862
866
868
869
870
871
873
875
876
877
878
879
880
882
886
889
891
892
893
900
901
902
906
907
908
909
911
912
913
914
915
916
917
927
928
932
933
978
979
980
981
982
986
987
988
989
990
991
992
993
996
997
998
999
1000
1001
1002
1003
1008
1010
1011
1013
1016
1018
1020
1021
1023
1024
1026
1027
1029
1030
1031
1036
1038
1039
1040
1041
1045
1046
1047
1048
1049
1050
1053
1055
1057
1059
1069
1075
1078
1080
1081
1082
1121
1122
1123
1124
1126
1127
1128
1129
1130
1131
1132
1136
1138
1141
1142
1143
1144
1145
1146
1147
1148
1149
1156
1157
1158
1159
1160
1161
1164
1165
1166
1167
1169
1170
1174
1175
1176
1177
1178
1179
1180
1182
1183
1184
1186
1187
1188
1189
1191
1192
1193
1194
1195
1196
1197
1200
1201
1202
1203
1204
1211
1212
1213
1214
1215
1245
1246
1252
1254
1257
1258
1284
1285
1286
1287
1294
1299
1300
1301
1303
1306
1307
1308
1309
1311
1312
1313
1314
1316
1318
1319
1324
1327
1329
1330
1331
1335
1337
1338
1340
1344
1345
1346
1347
1348
1349
1350
1351
1352
1354
1355
1359
1361
1362
1363
1365
1370
1371
1372
1373
1376
1379
1380
1381
1399
1400
1401
1402
1403
1404
1405
1406
1407
1408
1409
1410
1411
1412
1413
1414
1415
1416
1417
1418
1419
1420
1421
1422
1423
1424
1425
1426
1427
1428
1429
1430
1431
1438
1441
1442
1443
1444
1445
1446
1447
1448
1449
1450
1451
1452
1453
1502
1503
1504
1505
1506
1507
1510
1511
1512
1515
1516
1520
1521
1522
1523
1524
1525
1527
1528
1529
1534
1535
1542
1544
1603
1604
1606
1618
1620
1625
1626
1627
1638
1641
1644
1664
1665
1668
1669
1670
1671
1708
1709
1711
1713
1715
1716
1733
1734
1736
1753
1755
1756
1758
1759
1762
1848
1852
1890
1895
1897
1898
1902
1903
1904
1905
1906
1907
1908
1909
1910
1911
1913
1915
1918
1919
1920
1921
1923
1924
1925
1926
1927
1928
1930
1931
1932
1933
1934
1936
1937
1938
1939
1940
1941
1942
1943
1946
1947
1948
1949
1950
1951
1953
1954
1955
1956
1957
1958
1959
1961
1962
1964
1965
1966
1967
1970
1971
1972
1973
1977
1978
1979
1980
1981
1982
1984
1985
1986
1988
1989
1993
1994
1995
1996
1998
1999
2000
2001
2002
2003
2004
2005
2006
2007
2008
2011
2015
2017
2018
2019
2020
2025
2027
2029
2030
2035
2036
2045
2046
2047
2048
2049
2052
2053
2054
2055
2056
2057
2058
2059
2061
2062
2063
2064
2065
2066
2067
2069
2071
2072
2073
2074
2075
2076
2077
2078
2079
2080
2081
2087
2088
2089
2090
2091
2092
2095
2096
2098
2099
2101
2102
2103
2105
2106
2107
2108
2109
2113
2116
2117
2118
2119
2120
2121
2122
2123
2124
2125
2127
2128
2129
2130
2131
2132
2134
2135
2180
2181
2182
2189
2190
2191
2192
2193
2194
2195
2196
2197
2200
2201
2204
2206
2207
2210
2212
2213
2215
2217
2218
2219
2220
2221
2222
2223
2224
2238
2239
2240
2241
2242
2244
2245
2246
2247
2248
2249
2250
2251
2252
2253
2254
2255
2256
2257
2259
2260
2261
2315
2317
2319
2321
2322
2323
2324
2325
2326
2327
2328
2329
2330
2665
2666
2667
2668
2669
2671
2672
2674
2675
2676
2677
2678
2679
2680
2681
2682
2683
2684
2685
2686
2687
2689
2690
2691
2692
2693
2694
2695
2696
2697
2698
2699
2701
2702
2703
2704
2705
2706
2712
2713
2715
2720
2721
2724
2725
2726
2728
2729
2730
2731
2732
2733
2734
2736
2737
2738
2740
2741
2742
2743
2744
2745
2746
2748
2749
2750
2751
2752
2753
2754
2755
2756
2757
2758
2759
2764
2765
2770
2771
2772
2773
2775
2776
2777
2778
2779
2780
2781
2782
2783
2784
2785
2786
2788
2827
2828
2829
2841
2865
2866
2867
2868
2875
2876
2877
2878
2880
2881
2882
2883
2884
2885
2887
2888
2889
2890
2895
2896
2897
2898
2900
2901
2903
2904
2906
2907
2909
2911
2912
2913
2917
2918
2919
2921
2922
2923
2955
2956
2958
2959
2960
2961
2962
2963
2964
2966
