164
372
373
374
375
376
377
378
379
380
381
382
383
384
385
386
387
388
389
390
391
392
394
395
396
397
398
399
400
401
402
403
404
405
406
407
408
409
410
411
412
413
414
415
416
417
418
419
420
421
422
423
424
425
426
427
428
429
430
431
432
433
434
435
436
437
438
439
441
442
443
444
445
446
448
449
452
453
454
458
459
460
461
462
463
464
465
467
468
469
470
471
472
474
475
477
478
479
480
482
483
492
493
494
495
496
497
498
499
500
501
502
503
505
506
507
508
509
510
511
512
513
514
516
517
518
519
521
522
523
524
526
527
529
530
531
534
535
536
537
538
539
540
541
543
544
547
548
549
550
551
552
553
554
555
557
558
560
561
562
563
564
565
567
568
569
570
571
572
575
576
585
586
587
588
589
591
592
593
594
595
597
598
600
602
603
604
605
606
607
608
609
610
611
612
613
614
615
616
619
620
621
632
634
635
636
637
639
640
641
642
643
644
645
646
647
648
649
650
651
652
653
654
655
656
666
667
668
669
670
671
672
673
674
675
676
677
680
683
684
685
688
696
703
704
706
707
708
712
713
714
719
720
728
731
732
733
734
735
736
737
739
740
741
744
745
746
747
748
749
750
751
752
753
754
757
759
760
761
762
763
764
765
766
767
768
769
770
771
772
773
774
775
776
777
778
779
780
781
784
787
788
793
794
795
796
797
798
799
800
801
802
803
804
805
831
837
838
839
841
844
845
850
852
853
857
862
866
868
869
870
871
873
875
876
877
878
879
880
882
886
887
889
891
892
893
894
895
896
898
900
901
902
903
906
907
908
909
911
912
913
914
915
916
917
920
925
926
927
928
932
933
978
979
980
981
982
986
987
988
989
990
991
992
993
998
999
1000
1008
1013
1016
1018
1020
1021
1023
1024
1027
1029
1035
1036
1038
1039
1040
1041
1043
1044
1045
1046
1047
1048
1049
1050
1053
1055
1057
1059
1060
1069
1075
1077
1078
1080
1082
1083
1084
1085
1086
1087
1088
1094
1100
1101
1107
1111
1112
1114
1117
1120
1121
1122
1123
1124
1127
1128
1129
1130
1131
1132
1136
1138
1139
1140
1141
1142
1143
1144
1145
1146
1147
1148
1149
1155
1156
1157
1158
1159
1160
1161
1164
1165
1166
1167
1169
1170
1174
1175
1176
1177
1178
1179
1180
1182
1183
1184
1186
1187
1188
1189
1191
1192
1194
1195
1196
1197
1200
1201
1202
1203
1204
1245
1246
1251
1252
1254
1255
1257
1258
1282
1284
1285
1286
1287
1294
1303
1306
1307
1308
1309
1311
1321
1327
1329
1330
1331
1332
1335
1337
1338
1339
1340
1342
1344
1345
1346
1347
1348
1349
1350
1351
1352
1354
1355
1356
1359
1361
1362
1363
1365
1370
1371
1376
1379
1380
1381
1399
1414
1415
1417
1426
1427
1428
1429
1447
1449
1450
1502
1503
1504
1505
1506
1507
1510
1511
1512
1515
1516
1520
1521
1522
1523
1524
1525
1527
1528
1529
1531
1535
1542
1544
1556
1557
1558
1559
1560
1563
1569
1570
1571
1573
1574
1575
1576
1577
1578
1579
1580
1581
1582
1583
1584
1587
1588
1590
1596
1599
1606
1618
1620
1627
1638
1643
1644
1648
1654
1655
1656
1657
1658
1659
1660
1661
1663
1664
1665
1666
1668
1669
1670
1671
1706
1707
1708
1709
1710
1711
1712
1714
1715
1716
1718
1733
1734
1736
1753
1755
1756
1758
1759
1762
1764
1765
1767
1768
1769
1772
1774
1775
1776
1777
1779
1780
1781
1782
1783
1784
1786
1788
1789
1790
1791
1792
1793
1797
1798
1800
1801
1802
1803
1804
1806
1807
1808
1812
1813
1814
1816
1817
1818
1819
1820
1821
1823
1824
1825
1826
1827
1829
1830
1831
1833
1834
1835
1836
1837
1838
1839
1840
1841
1848
1852
12564
