378
379
387
390
412
425
429
450
454
465
472
475
477
478
493
494
495
496
497
498
500
501
503
505
506
507
508
509
510
512
513
514
517
518
519
521
522
524
526
527
529
530
531
532
533
534
535
536
537
538
539
543
544
547
548
549
550
551
552
553
554
555
557
558
560
561
562
564
565
567
568
569
572
576
577
586
587
588
589
593
594
600
604
605
606
607
612
613
614
615
616
619
620
622
623
627
628
629
630
631
636
637
639
643
650
653
654
667
668
670
671
673
674
676
677
680
682
683
684
706
708
712
713
733
734
735
736
737
747
750
753
762
763
766
769
770
771
773
774
775
776
777
787
788
793
846
866
868
886
887
891
909
911
912
917
927
928
932
979
980
997
998
999
1001
1003
1008
1010
1011
1030
1031
1041
1046
1047
1048
1057
1059
1069
1075
1078
1080
1081
1082
1126
1127
1128
1129
1130
1131
1132
1141
1142
1143
1144
1145
1146
1147
1148
1149
1156
1157
1158
1159
1166
1167
1169
1174
1175
1176
1179
1182
1186
1187
1188
1189
1191
1192
1193
1196
1197
1200
1201
1202
1203
1204
1211
1212
1213
1214
1215
1252
1258
1285
1286
1287
1300
1311
1312
1313
1314
1316
1318
1319
1340
1344
1345
1347
1348
1349
1350
1351
1359
1365
1370
1371
1372
1373
1376
1405
1406
1407
1410
1411
1412
1413
1416
1420
1425
1428
1429
1431
1441
1442
1443
1444
1445
1446
1449
1450
1451
1452
1453
1511
1512
1516
1520
1524
1529
1535
1544
1603
1604
1606
1620
1626
1627
1641
1644
1664
1755
1756
1890
1913
1918
1921
1923
1924
1925
1926
1927
1928
1930
1931
1932
1933
1934
1937
1939
1940
1941
1942
1943
1946
1950
1951
1953
1954
1955
1956
1957
1958
1959
1961
1964
1966
1967
1971
1972
1973
1977
1978
1980
1982
1984
1985
1986
1988
1989
1993
1994
1995
1996
2002
2003
2004
2007
2008
2011
2015
2017
2018
2019
2020
2025
2027
2029
2030
2035
2036
2045
2046
2047
2048
2049
2052
2053
2054
2055
2056
2057
2059
2061
2062
2063
2064
2072
2073
2074
2080
2098
2099
2103
2105
2106
2113
2119
2120
2124
2125
2128
2130
2131
2132
2134
2135
2180
2181
2182
2193
2194
2200
2206
2207
2210
2212
2213
2215
2217
2219
2220
2221
2222
2223
2255
2259
2260
2324
2666
2667
2669
2715
2720
2721
2722
2724
2725
2726
2728
2729
2730
2731
2732
2733
2738
2740
2741
2742
2743
2744
2745
2746
2747
2748
2749
2750
2751
2752
2753
2754
2755
2756
2757
2758
2770
2771
2772
2773
2775
2788
2828
2841
2865
2866
2867
2868
2875
2877
2888
2895
2896
2897
2898
2900
2901
2903
2904
2906
2907
2917
2921
2922
2923
