1268
1268
1268
1268
1574
2922
1543
2423
1544
2417
2422
2442
2443
2445
2446
2417
2435
2442
2435
2442
2422
2421
1544
1544
1544
2853
2922
2431
2919
2430
2920
2430
2920
2430
2918
2425
1547
1925
2381
1954
1268
1333
2206
2206
2206
1268
1940
1268
1883
1884
1890
1887
1268
1885
1886
1890
1268
1888
1889
1268
2598
1882
1883
3047
1884
3047
1890
3047
1887
3047
1887
3047
1887
3047
1885
3047
1886
3047
1890
3047
1888
1919
1916
2931
1351
1351
2753
2282
2755
2755
1354
1334
1334
2526
1572
3057
2649
2113
2543
2112
1812
2111
1363
1363
2492
1421
1420
1421
1426
1426
1422
1343
2541
2608
2754
2541
2608
2754
1476
1476
2500
1437
1426
2205
2542
2500
1469
1470
1423
2880
2910
2197
2192
2192
2191
2037
2191
2191
2198
2323
2191
2198
2191
2198
2323
2191
2198
2191
2198
2191
2198
2191
2198
2191
2191
2196
2191
2196
2191
2191
2196
2191
2196
2191
2056
2191
2191
2191
2191
2191
2196
2191
2191
2191
2191
3047
2191
2191
2191
2191
2191
2191
2196
2191
2196
2191
2196
2191
2196
2191
2191
2191
2191
2191
2196
2191
2196
2115
2191
2196
2115
2191
2191
2191
2191
2191
1997
2191
2191
2191
2191
2191
2196
2191
2191
2196
2191
2191
2191
2191
2191
2196
2191
2191
2191
2191
2191
2196
2191
2191
2191
2191
2196
2191
2196
2191
2191
2191
2191
2191
2191
2191
2191
2191
2191
2191
2191
2191
2191
2191
2191
2191
2191
2191
2191
2191
2191
2191
2191
2191
2191
2191
2191
2191
2496
2059
2067
2062
2061
2061
2062
2062
2354
2062
2062
2062
2062
2061
2067
2060
2067
2065
1855
1856
2065
1308
1213
1214
2909
2908
1215
2545
2545
2105
1465
2038
2112
2600
2602
2603
2602
3024
2602
3048
2741
2052
2282
2052
2110
2110
2375
2600
2750
2751
2594
2749
2594
2749
2594
2749
2594
2593
2593
2593
2051
2593
2053
2053
2053
2053
2072
2072
2055
2055
2601
1443
1443
1443
1443
1443
1443
1476
2623
2352
